Number of events by Richter Magnitude 
M2 = 16841 
M3 = 16840 
M4 = 15408 
M5 = 1966 
M6 = 207 
M7 = 21 
M8 = 2 
M9 = 1 

Log number of events by Richter Magnitude 
M2 = 4.22636787585649 
M3 = 4.22634208716363 
M4 = 4.18774626978046 
M5 = 3.29358351349612 
M6 = 2.31597034545692 
M7 = 1.32221929473392 
M8 = 0.301029995663981 
M9 = 0