Number of events by Richter Magnitude 
M2 = 17108 
M3 = 1491 
M4 = 226 
M5 = 29 
M6 = 3 
M7 = 0 
M8 = 0 
M9 = 0 

Log number of events by Richter Magnitude 
M2 = 4.23319924158477 
M3 = 3.17347764345299 
M4 = 2.3541084391474 
M5 = 1.46239799789896 
M6 = 0.477121254719662 
M7 = -inf 
M8 = -inf 
M9 = -inf