Number of events by Richter Magnitude 
M2 = 21500 
M3 = 15720 
M4 = 2432 
M5 = 377 
M6 = 35 
M7 = 6 
M8 =  
M9 =  

Log number of events by Richter Magnitude 
M2 = 4.3324384599156 
M3 = 4.19645254170339 
M4 = 3.3859635706007 
M5 = 2.57634135020579 
M6 = 1.54406804435028 
M7 = 0.778151250383644 
M8 = -inf 
M9 = -inf